+9.999999e-01 -4.949080e-09 -5.069543e-10 +0.000000e+00 -4.949080e-09 +1.000000e+00 +1.308764e-11 +0.000000e+00 -5.069543e-10 +1.308764e-11 +1.000000e+00 +0.000000e+00
+9.999990e-01 +9.475144e-04 +9.825460e-04 +1.075037e-02 -9.471188e-04 +9.999996e-01 -4.131160e-04 -8.374306e-03 -9.829379e-04 +4.121850e-04 +9.999994e-01 +5.278409e-01
+9.999962e-01 +1.895835e-03 +1.965111e-03 +2.150068e-02 -1.894224e-03 +9.999980e-01 -8.262190e-04 -1.674857e-02 -1.966674e-03 +8.224936e-04 +9.999977e-01 +1.055682e+00
+9.999915e-01 +2.844953e-03 +2.947693e-03 +3.225094e-02 -2.841320e-03 +9.999954e-01 -1.239309e-03 -2.512279e-02 -2.951206e-03 +1.230923e-03 +9.999949e-01 +1.583523e+00
+9.999850e-01 +3.794864e-03 +3.930291e-03 +4.300115e-02 -3.788404e-03 +9.999916e-01 -1.652386e-03 -3.349697e-02 -3.936529e-03 +1.637472e-03 +9.999909e-01 +2.111364e+00
+9.999766e-01 +4.745566e-03 +4.912902e-03 +5.375130e-02 -4.735476e-03 +9.999868e-01 -2.065450e-03 -4.187110e-02 -4.922640e-03 +2.042137e-03 +9.999858e-01 +2.639205e+00
+9.999663e-01 +5.697055e-03 +5.895527e-03 +6.450140e-02 -5.682534e-03 +9.999809e-01 -2.478500e-03 -5.024519e-02 -5.909535e-03 +2.444916e-03 +9.999795e-01 +3.167046e+00
+9.999542e-01 +6.649326e-03 +6.878163e-03 +7.525145e-02 -6.629577e-03 +9.999740e-01 -2.891538e-03 -5.861923e-02 -6.897211e-03 +2.845806e-03 +9.999722e-01 +3.694887e+00
+9.999401e-01 +7.602376e-03 +7.860808e-03 +8.600144e-02 -7.576603e-03 +9.999660e-01 -3.304562e-03 -6.699323e-02 -7.885663e-03 +3.244806e-03 +9.999636e-01 +4.222728e+00
+9.999242e-01 +8.556202e-03 +8.843462e-03 +9.675138e-02 -8.523611e-03 +9.999569e-01 -3.717572e-03 -7.536719e-02 -8.874889e-03 +3.641913e-03 +9.999540e-01 +4.750569e+00
+9.999064e-01 +9.510800e-03 +9.826123e-03 +1.075013e-01 -9.470601e-03 +9.999468e-01 -4.130569e-03 -8.374111e-02 -9.864885e-03 +4.037124e-03 +9.999432e-01 +5.278410e+00
+9.998867e-01 +1.046617e-02 +1.080879e-02 +1.182511e-01 -1.041757e-02 +9.999356e-01 -4.543553e-03 -9.211498e-02 -1.085565e-02 +4.430437e-03 +9.999312e-01 +5.806251e+00
+9.998652e-01 +1.142230e-02 +1.179146e-02 +1.290009e-01 -1.136452e-02 +9.999233e-01 -4.956523e-03 -1.004888e-01 -1.184717e-02 +4.821851e-03 +9.999182e-01 +6.334092e+00
+9.998417e-01 +1.237919e-02 +1.277413e-02 +1.397506e-01 -1.231144e-02 +9.999100e-01 -5.369479e-03 -1.088626e-01 -1.283945e-02 +5.211362e-03 +9.999040e-01 +6.861934e+00
+9.998164e-01 +1.333684e-02 +1.375681e-02 +1.505003e-01 -1.325834e-02 +9.998955e-01 -5.782422e-03 -1.172363e-01 -1.383249e-02 +5.598968e-03 +9.998886e-01 +7.389775e+00
+9.997967e-01 +1.414084e-02 +1.436908e-02 +1.589964e-01 -1.405217e-02 +9.998819e-01 -6.253929e-03 -1.238792e-01 -1.445582e-02 +6.050742e-03 +9.998772e-01 +7.861441e+00
+9.997600e-01 +1.525439e-02 +1.572215e-02 +1.719995e-01 -1.515206e-02 +9.998635e-01 -6.608265e-03 -1.339837e-01 -1.582081e-02 +6.368456e-03 +9.998545e-01 +8.445457e+00
+9.996911e-01 +1.661624e-02 +1.847816e-02 +1.843483e-01 -1.649445e-02 +9.998415e-01 -6.724711e-03 -1.450824e-01 -1.858697e-02 +6.417848e-03 +9.998066e-01 +8.982108e+00
+9.995927e-01 +1.756031e-02 +2.249450e-02 +2.005287e-01 -1.740836e-02 +9.998246e-01 -6.933680e-03 -1.573855e-01 -2.261231e-02 +6.539264e-03 +9.997229e-01 +9.579758e+00
+9.994973e-01 +1.767619e-02 +2.631597e-02 +2.178913e-01 -1.748830e-02 +9.998202e-01 -7.353033e-03 -1.683799e-01 -2.644121e-02 +6.889116e-03 +9.996266e-01 +1.012963e+01
+9.993658e-01 +1.737214e-02 +3.108258e-02 +2.385267e-01 -1.713692e-02 +9.998227e-01 -7.818322e-03 -1.782840e-01 -3.121289e-02 +7.280704e-03 +9.994862e-01 +1.068829e+01
+9.991441e-01 +1.782112e-02 +3.732829e-02 +2.633179e-01 -1.754409e-02 +9.998163e-01 -7.736188e-03 -1.898034e-01 -3.745929e-02 +7.074676e-03 +9.992731e-01 +1.131173e+01
+9.989096e-01 +1.756498e-02 +4.325485e-02 +2.914227e-01 -1.727021e-02 +9.998252e-01 -7.179421e-03 -2.002941e-01 -4.337339e-02 +6.424573e-03 +9.990383e-01 +1.188669e+01
+9.986148e-01 +1.764934e-02 +4.956673e-02 +3.262722e-01 -1.728413e-02 +9.998205e-01 -7.787260e-03 -2.116593e-01 -4.969526e-02 +6.919756e-03 +9.987404e-01 +1.252612e+01
+9.983194e-01 +1.590076e-02 +5.572654e-02 +3.622138e-01 -1.544000e-02 +9.998432e-01 -8.689263e-03 -2.225408e-01 -5.585596e-02 +7.814242e-03 +9.984082e-01 +1.311698e+01
+9.979937e-01 +1.484984e-02 +6.154604e-02 +4.021184e-01 -1.431508e-02 +9.998561e-01 -9.120820e-03 -2.337044e-01 -6.167262e-02 +8.221486e-03 +9.980626e-01 +1.371812e+01
+9.975363e-01 +1.693235e-02 +6.807701e-02 +4.489383e-01 -1.623531e-02 +9.998103e-01 -1.077955e-02 -2.450378e-01 -6.824661e-02 +9.647744e-03 +9.976218e-01 +1.439187e+01
+9.970154e-01 +2.096673e-02 +7.429993e-02 +4.938565e-01 -1.999442e-02 +9.997049e-01 -1.380619e-02 -2.567071e-01 -7.456747e-02 +1.227940e-02 +9.971404e-01 +1.501714e+01
+9.965714e-01 +1.880916e-02 +8.056961e-02 +5.533320e-01 -1.770182e-02 +9.997392e-01 -1.443627e-02 -2.725481e-01 -8.082012e-02 +1.296055e-02 +9.966444e-01 +1.571971e+01
+9.963199e-01 +1.151749e-02 +8.493412e-02 +6.183798e-01 -1.055116e-02 +9.998747e-01 -1.181771e-02 -2.866304e-01 -8.505957e-02 +1.087806e-02 +9.963165e-01 +1.637200e+01
+9.959719e-01 +5.489774e-03 +8.949678e-02 +6.856824e-01 -4.715087e-03 +9.999498e-01 -8.865268e-03 -3.020435e-01 -8.954093e-02 +8.407574e-03 +9.959476e-01 +1.703741e+01
+9.955232e-01 +6.177698e-03 +9.431428e-02 +7.567190e-01 -5.785607e-03 +9.999736e-01 -4.430261e-03 -3.222983e-01 -9.433915e-02 +3.864764e-03 +9.955326e-01 +1.778646e+01
+9.953075e-01 +4.600283e-03 +9.665195e-02 +8.241148e-01 -4.328707e-03 +9.999862e-01 -3.019435e-03 -3.345448e-01 -9.666450e-02 +2.586889e-03 +9.953136e-01 +1.847986e+01
+9.953079e-01 +6.666588e-04 +9.675573e-02 +9.066697e-01 -2.650220e-05 +9.999783e-01 -6.617450e-03 -3.401586e-01 -9.675803e-02 +6.583837e-03 +9.952861e-01 +1.925830e+01
+9.954703e-01 -5.251301e-03 +9.492725e-02 +9.847625e-01 +6.063039e-03 +9.999476e-01 -8.264861e-03 -3.489016e-01 -9.487886e-02 +8.802972e-03 +9.954499e-01 +1.997980e+01
+9.958846e-01 -8.052746e-03 +9.027069e-02 +1.061659e+00 +8.916501e-03 +9.999184e-01 -9.169419e-03 -3.589278e-01 -9.018947e-02 +9.936583e-03 +9.958750e-01 +2.071702e+01
+9.965616e-01 -7.836292e-03 +8.248352e-02 +1.140363e+00 +8.608528e-03 +9.999225e-01 -9.010954e-03 -3.720964e-01 -8.240650e-02 +9.690033e-03 +9.965517e-01 +2.154511e+01
+9.972581e-01 -7.721903e-03 +7.359685e-02 +1.206650e+00 +8.294122e-03 +9.999378e-01 -7.472728e-03 -3.850117e-01 -7.353456e-02 +8.062661e-03 +9.972601e-01 +2.231393e+01
+9.979593e-01 -8.023391e-03 +6.334578e-02 +1.274364e+00 +8.364225e-03 +9.999521e-01 -5.117345e-03 -3.997600e-01 -6.330168e-02 +5.636742e-03 +9.979785e-01 +2.317520e+01
+9.984964e-01 -6.993064e-03 +5.436845e-02 +1.327697e+00 +7.103489e-03 +9.999732e-01 -1.838256e-03 -4.154714e-01 -5.435413e-02 +2.221698e-03 +9.985192e-01 +2.396962e+01
+9.988888e-01 -6.624721e-03 +4.665963e-02 +1.374454e+00 +6.609915e-03 +9.999782e-01 +4.713827e-04 -4.290668e-01 -4.666173e-02 -1.624425e-04 +9.989107e-01 +2.477138e+01
+9.992199e-01 -5.313313e-03 +3.913224e-02 +1.420306e+00 +5.255374e-03 +9.999851e-01 +1.583069e-03 -4.405130e-01 -3.914006e-02 -1.376180e-03 +9.992328e-01 +2.565580e+01
+9.994260e-01 -4.139027e-03 +3.362086e-02 +1.457150e+00 +4.067702e-03 +9.999895e-01 +2.189282e-03 -4.517091e-01 -3.362957e-02 -2.051265e-03 +9.994322e-01 +2.646052e+01
+9.995888e-01 -2.953216e-03 +2.851837e-02 +1.491336e+00 +2.888574e-03 +9.999933e-01 +2.307256e-03 -4.633357e-01 -2.852499e-02 -2.223930e-03 +9.995906e-01 +2.726483e+01
+9.997269e-01 -2.531438e-03 +2.322839e-02 +1.528217e+00 +2.484443e-03 +9.999950e-01 +2.051379e-03 -4.754050e-01 -2.323347e-02 -1.993109e-03 +9.997281e-01 +2.814980e+01
+9.998245e-01 -2.401941e-03 +1.857752e-02 +1.556676e+00 +2.363840e-03 +9.999952e-01 +2.072039e-03 -4.866023e-01 -1.858240e-02 -2.027761e-03 +9.998253e-01 +2.895251e+01
+9.999021e-01 -1.348894e-03 +1.391934e-02 +1.583657e+00 +1.312963e-03 +9.999959e-01 +2.589421e-03 -4.988891e-01 -1.392277e-02 -2.570892e-03 +9.998998e-01 +2.983429e+01
+9.999448e-01 -6.009459e-05 +1.049635e-02 +1.602579e+00 +2.363618e-05 +9.999941e-01 +3.472584e-03 -5.107344e-01 -1.049650e-02 -3.472144e-03 +9.999389e-01 +3.063301e+01
+9.999674e-01 +1.906101e-03 +7.844772e-03 +1.622299e+00 -1.939759e-03 +9.999891e-01 +4.283764e-03 -5.212288e-01 -7.836521e-03 -4.298841e-03 +9.999600e-01 +3.143105e+01
+9.999734e-01 +3.735070e-03 +6.254047e-03 +1.638338e+00 -3.764987e-03 +9.999817e-01 +4.777181e-03 -5.327332e-01 -6.236089e-03 -4.800601e-03 +9.999690e-01 +3.230377e+01
+9.999753e-01 +4.419323e-03 +5.447636e-03 +1.649992e+00 -4.442404e-03 +9.999813e-01 +4.230089e-03 -5.433802e-01 -5.428840e-03 -4.254186e-03 +9.999762e-01 +3.309266e+01
+9.999675e-01 +6.534823e-03 +4.717913e-03 +1.660809e+00 -6.549729e-03 +9.999738e-01 +3.148804e-03 -5.545751e-01 -4.697213e-03 -3.179603e-03 +9.999839e-01 +3.395212e+01
+9.999543e-01 +8.503115e-03 +4.359641e-03 +1.672727e+00 -8.515188e-03 +9.999601e-01 +2.755742e-03 -5.625450e-01 -4.336035e-03 -2.792739e-03 +9.999867e-01 +3.472833e+01
+9.999400e-01 +1.029995e-02 +3.707868e-03 +1.683281e+00 -1.031295e-02 +9.999409e-01 +3.500733e-03 -5.730640e-01 -3.671592e-03 -3.538762e-03 +9.999870e-01 +3.549487e+01
+9.999217e-01 +1.212524e-02 +3.061984e-03 +1.693428e+00 -1.213802e-02 +9.999177e-01 +4.186900e-03 -5.870110e-01 -3.010965e-03 -4.223739e-03 +9.999865e-01 +3.632639e+01
+9.999062e-01 +1.341886e-02 +2.704054e-03 +1.699188e+00 -1.343093e-02 +9.998999e-01 +4.494597e-03 -6.001576e-01 -2.643472e-03 -4.530494e-03 +9.999862e-01 +3.706903e+01
+9.998785e-01 +1.542427e-02 +2.209700e-03 +1.704711e+00 -1.543355e-02 +9.998721e-01 +4.240407e-03 -6.141710e-01 -2.144013e-03 -4.273996e-03 +9.999886e-01 +3.787106e+01
+9.998477e-01 +1.731190e-02 +2.195571e-03 +1.710774e+00 -1.732231e-02 +9.998385e-01 +4.813152e-03 -6.268583e-01 -2.111892e-03 -4.850451e-03 +9.999860e-01 +3.858553e+01
+9.997926e-01 +2.019747e-02 +2.594227e-03 +1.716079e+00 -2.021037e-02 +9.997832e-01 +5.041729e-03 -6.400812e-01 -2.491835e-03 -5.093114e-03 +9.999839e-01 +3.928586e+01
+9.997106e-01 +2.368450e-02 +4.211372e-03 +1.720279e+00 -2.370563e-02 +9.997064e-01 +5.038426e-03 -6.538563e-01 -4.090803e-03 -5.136801e-03 +9.999784e-01 +4.004047e+01
+9.996454e-01 +2.570461e-02 +6.937176e-03 +1.724051e+00 -2.573267e-02 +9.996611e-01 +3.983767e-03 -6.656116e-01 -6.832423e-03 -4.160867e-03 +9.999680e-01 +4.071570e+01
+9.995645e-01 +2.740223e-02 +1.094723e-02 +1.731607e+00 -2.743541e-02 +9.996196e-01 +2.891027e-03 -6.792573e-01 -1.086384e-02 -3.190110e-03 +9.999359e-01 +4.144668e+01
+9.994941e-01 +2.756929e-02 +1.585284e-02 +1.741052e+00 -2.762507e-02 +9.996130e-01 +3.310056e-03 -6.925968e-01 -1.575545e-02 -3.746318e-03 +9.998688e-01 +4.210008e+01
+9.993756e-01 +2.839885e-02 +2.102005e-02 +1.751869e+00 -2.847931e-02 +9.995883e-01 +3.537514e-03 -7.046685e-01 -2.091093e-02 -4.133942e-03 +9.997728e-01 +4.273992e+01
+9.992011e-01 +2.887562e-02 +2.762512e-02 +1.767304e+00 -2.900195e-02 +9.995708e-01 +4.182944e-03 -7.187907e-01 -2.749248e-02 -4.980786e-03 +9.996096e-01 +4.342695e+01
+9.989921e-01 +2.855334e-02 +3.463131e-02 +1.783866e+00 -2.873181e-02 +9.995764e-01 +4.666414e-03 -7.318583e-01 -3.448339e-02 -5.656731e-03 +9.993892e-01 +4.403615e+01
+9.986294e-01 +2.857108e-02 +4.385051e-02 +1.808985e+00 -2.880891e-02 +9.995736e-01 +4.800870e-03 -7.440289e-01 -4.369464e-02 -6.057575e-03 +9.990266e-01 +4.469353e+01
+9.981244e-01 +2.930525e-02 +5.374715e-02 +1.833443e+00 -2.958448e-02 +9.995527e-01 +4.406696e-03 -7.541710e-01 -5.359396e-02 -5.988512e-03 +9.985448e-01 +4.528029e+01
+9.974256e-01 +2.936624e-02 +6.541964e-02 +1.863515e+00 -2.971009e-02 +9.995495e-01 +4.289066e-03 -7.647506e-01 -6.526420e-02 -6.221648e-03 +9.978486e-01 +4.585735e+01
+9.964988e-01 +2.814880e-02 +7.872531e-02 +1.902401e+00 -2.859083e-02 +9.995813e-01 +4.492961e-03 -7.786334e-01 -7.856586e-02 -6.728052e-03 +9.968862e-01 +4.647967e+01
+9.954608e-01 +2.713145e-02 +9.122212e-02 +1.946061e+00 -2.761061e-02 +9.996109e-01 +3.994456e-03 -7.880323e-01 -9.107824e-02 -6.495022e-03 +9.958225e-01 +4.703391e+01
+9.939051e-01 +2.725677e-02 +1.068155e-01 +1.998417e+00 -2.783904e-02 +9.996047e-01 +3.963508e-03 -7.977082e-01 -1.066652e-01 -6.912991e-03 +9.942709e-01 +4.763187e+01
+9.920852e-01 +2.699749e-02 +1.226291e-01 +2.053626e+00 -2.774489e-02 +9.996056e-01 +4.390870e-03 -8.069675e-01 -1.224622e-01 -7.758448e-03 +9.924428e-01 +4.816403e+01
+9.897897e-01 +3.007774e-02 +1.393252e-01 +2.115903e+00 -3.096147e-02 +9.995120e-01 +4.179271e-03 -8.159721e-01 -1.391315e-01 -8.450311e-03 +9.902379e-01 +4.868710e+01
+9.865504e-01 +2.829137e-02 +1.609900e-01 +2.190706e+00 -2.914290e-02 +9.995711e-01 +2.929968e-03 -8.278128e-01 -1.608381e-01 -7.582277e-03 +9.869517e-01 +4.925039e+01
+9.825789e-01 +3.195269e-02 +1.830782e-01 +2.269442e+00 -3.297843e-02 +9.994529e-01 +2.560121e-03 -8.372009e-01 -1.828962e-01 -8.553151e-03 +9.830950e-01 +4.975380e+01
+9.772901e-01 +3.071003e-02 +2.096684e-01 +2.367414e+00 -3.145187e-02 +9.995054e-01 +2.039295e-04 -8.474223e-01 -2.095585e-01 -6.793762e-03 +9.777725e-01 +5.029320e+01
+9.715387e-01 +3.037272e-02 +2.349253e-01 +2.470928e+00 -3.083663e-02 +9.995232e-01 -1.699532e-03 -8.534766e-01 -2.348649e-01 -5.593144e-03 +9.720119e-01 +5.077022e+01
+9.640141e-01 +2.825901e-02 +2.643448e-01 +2.596561e+00 -2.783025e-02 +9.995984e-01 -5.367655e-03 -8.581237e-01 -2.643903e-01 -2.182284e-03 +9.644133e-01 +5.127825e+01
+9.559278e-01 +2.622007e-02 +2.924284e-01 +2.719395e+00 -2.565941e-02 +9.996544e-01 -5.753425e-03 -8.697276e-01 -2.924782e-01 -2.003679e-03 +9.562701e-01 +5.172608e+01
+9.464917e-01 +2.758345e-02 +3.215469e-01 +2.850277e+00 -2.615354e-02 +9.996197e-01 -8.766540e-03 -8.748951e-01 -3.216664e-01 -1.121299e-04 +9.468530e-01 +5.215970e+01
+9.345593e-01 +2.859419e-02 +3.546564e-01 +3.006067e+00 -2.733507e-02 +9.995898e-01 -8.561002e-03 -8.878885e-01 -3.547557e-01 -1.693793e-03 +9.349575e-01 +5.262400e+01
+9.224179e-01 +2.761582e-02 +3.852043e-01 +3.159161e+00 -2.713616e-02 +9.996096e-01 -6.682603e-03 -9.045892e-01 -3.852384e-01 -4.288811e-03 +9.228071e-01 +5.303076e+01
+9.070238e-01 +2.646153e-02 +4.202469e-01 +3.339209e+00 -2.638469e-02 +9.996340e-01 -5.997225e-03 -9.214944e-01 -4.202517e-01 -5.648456e-03 +9.073900e-01 +5.345986e+01
+8.910844e-01 +2.577965e-02 +4.531046e-01 +3.510581e+00 -2.599317e-02 +9.996457e-01 -5.756736e-03 -9.359296e-01 -4.530924e-01 -6.647887e-03 +8.914387e-01 +5.383283e+01
+8.714926e-01 +2.515493e-02 +4.897630e-01 +3.712777e+00 -2.498881e-02 +9.996642e-01 -6.878679e-03 -9.475603e-01 -4.897715e-01 -6.243877e-03 +8.718284e-01 +5.422519e+01
+8.517932e-01 +2.414828e-02 +5.233212e-01 +3.906625e+00 -2.304885e-02 +9.996974e-01 -8.614439e-03 -9.569637e-01 -5.233708e-01 -4.724231e-03 +8.520919e-01 +5.456560e+01
+8.302118e-01 +2.291557e-02 +5.569768e-01 +4.111543e+00 -2.073255e-02 +9.997329e-01 -1.022852e-02 -9.659617e-01 -5.570623e-01 -3.055707e-03 +8.304651e-01 +5.489376e+01
+8.044707e-01 +1.996934e-02 +5.936564e-01 +4.350212e+00 -1.696823e-02 +9.997996e-01 -1.063728e-02 -9.773919e-01 -5.937498e-01 -1.515915e-03 +8.046483e-01 +5.524064e+01
+7.787782e-01 +1.609018e-02 +6.270929e-01 +4.578864e+00 -1.349837e-02 +9.998695e-01 -8.891594e-03 -9.895916e-01 -6.271541e-01 -1.540150e-03 +7.788937e-01 +5.554292e+01
+7.485022e-01 +1.103036e-02 +6.630405e-01 +4.842505e+00 -1.065065e-02 +9.999328e-01 -4.611474e-03 -1.004909e+00 -6.630467e-01 -3.610111e-03 +7.485693e-01 +5.586132e+01
+7.190412e-01 +6.932382e-03 +6.949328e-01 +5.091735e+00 -8.806095e-03 +9.999610e-01 -8.636420e-04 -1.016658e+00 -6.949115e-01 -5.498646e-03 +7.190742e-01 +5.613695e+01
+6.833792e-01 +4.025922e-03 +7.300525e-01 +5.374697e+00 -9.683955e-03 +9.999470e-01 +3.550563e-03 -1.029236e+00 -7.299993e-01 -9.496172e-03 +6.833819e-01 +5.642601e+01
+6.486503e-01 +4.029179e-04 +7.610864e-01 +5.642051e+00 -8.700514e-03 +9.999386e-01 +6.885801e-03 -1.040517e+00 -7.610368e-01 -1.108832e-02 +6.486139e-01 +5.667211e+01
+6.124555e-01 -3.733278e-03 +7.904962e-01 +5.919836e+00 -5.878028e-03 +9.999399e-01 +9.276547e-03 -1.049845e+00 -7.904832e-01 -1.032803e-02 +6.123966e-01 +5.690095e+01
+5.697507e-01 -6.722424e-03 +8.217900e-01 +6.239472e+00 -2.360740e-03 +9.999492e-01 +9.816507e-03 -1.054594e+00 -8.218141e-01 -7.532991e-03 +5.697058e-01 +5.713803e+01
+5.282894e-01 -6.254174e-03 +8.490413e-01 +6.545021e+00 -7.247377e-04 +9.999693e-01 +7.816870e-03 -1.054311e+00 -8.490640e-01 -4.744898e-03 +5.282686e-01 +5.734596e+01
+4.804718e-01 -4.055084e-03 +8.770008e-01 +6.901429e+00 -1.734126e-03 +9.999831e-01 +5.573776e-03 -1.053183e+00 -8.770084e-01 -4.198868e-03 +4.804566e-01 +5.756426e+01
+4.347478e-01 -1.939052e-03 +9.005501e-01 +7.243355e+00 -5.301176e-03 +9.999750e-01 +4.712309e-03 -1.052813e+00 -9.005366e-01 -6.822637e-03 +4.347266e-01 +5.775288e+01
+3.830242e-01 +2.288002e-04 +9.237382e-01 +7.643139e+00 -1.059752e-02 +9.999354e-01 +4.146538e-03 -1.052581e+00 -9.236775e-01 -1.137756e-02 +3.830019e-01 +5.794687e+01
+3.359824e-01 +5.353663e-04 +9.418681e-01 +8.027686e+00 -1.293087e-02 +9.999084e-01 +4.044325e-03 -1.052644e+00 -9.417794e-01 -1.353799e-02 +3.359585e-01 +5.810767e+01
+2.900980e-01 -2.799763e-04 +9.569968e-01 +8.434070e+00 -1.156813e-02 +9.999260e-01 +3.799219e-03 -1.053227e+00 -9.569270e-01 -1.217280e-02 +2.900733e-01 +5.824769e+01
+2.427510e-01 -1.180638e-03 +9.700879e-01 +8.902643e+00 -9.947041e-03 +9.999438e-01 +3.706076e-03 -1.053620e+00 -9.700376e-01 -1.054915e-02 +2.427256e-01 +5.838314e+01
+2.028486e-01 -3.760835e-03 +9.792029e-01 +9.350206e+00 -1.014892e-02 +9.999310e-01 +5.942857e-03 -1.055881e+00 -9.791575e-01 -1.114335e-02 +2.027964e-01 +5.849090e+01
+1.621108e-01 -6.467216e-03 +9.867513e-01 +9.865006e+00 -1.031557e-02 +9.999129e-01 +8.248189e-03 -1.056388e+00 -9.867186e-01 -1.151602e-02 +1.620299e-01 +5.859359e+01
+1.270190e-01 -8.593345e-03 +9.918630e-01 +1.035117e+01 -1.145307e-02 +9.998833e-01 +1.012952e-02 -1.058161e+00 -9.918341e-01 -1.264652e-02 +1.269058e-01 +5.867080e+01
+9.542778e-02 -1.037777e-02 +9.953822e-01 +1.085877e+01 -1.099092e-02 +9.998739e-01 +1.147829e-02 -1.058423e+00 -9.953756e-01 -1.203552e-02 +9.530168e-02 +5.873254e+01
+6.415126e-02 -1.159401e-02 +9.978728e-01 +1.144006e+01 -1.054763e-02 +9.998689e-01 +1.229528e-02 -1.058363e+00 -9.978844e-01 -1.131394e-02 +6.402056e-02 +5.878248e+01
+3.838492e-02 -9.780547e-03 +9.992151e-01 +1.198749e+01 -1.313210e-02 +9.998610e-01 +1.029133e-02 -1.051990e+00 -9.991767e-01 -1.351682e-02 +3.825114e-02 +5.881478e+01
+1.614540e-02 -7.384223e-03 +9.998423e-01 +1.255228e+01 -1.686715e-02 +9.998286e-01 +7.656485e-03 -1.044876e+00 -9.997273e-01 -1.698810e-02 +1.601808e-02 +5.883579e+01
-4.842922e-03 -6.691559e-03 +9.999658e-01 +1.319608e+01 -1.769986e-02 +9.998217e-01 +6.604866e-03 -1.042428e+00 -9.998316e-01 -1.766726e-02 -4.960498e-03 +5.884204e+01
-2.155176e-02 -6.423298e-03 +9.997471e-01 +1.379881e+01 -1.425110e-02 +9.998799e-01 +6.116932e-03 -1.042333e+00 -9.996661e-01 -1.411566e-02 -2.164070e-02 +5.883255e+01
-3.809592e-02 -6.402691e-03 +9.992535e-01 +1.448420e+01 -1.149093e-02 +9.999163e-01 +5.968847e-03 -1.042278e+00 -9.992080e-01 -1.125496e-02 -3.816630e-02 +5.880941e+01
-5.278891e-02 -7.830402e-03 +9.985750e-01 +1.512601e+01 -1.256328e-02 +9.998955e-01 +7.176602e-03 -1.042793e+00 -9.985266e-01 -1.216653e-02 -5.288176e-02 +5.878353e+01
-6.686371e-02 -7.313207e-03 +9.977353e-01 +1.578513e+01 -1.206753e-02 +9.999061e-01 +6.520402e-03 -1.043561e+00 -9.976891e-01 -1.160421e-02 -6.694567e-02 +5.874737e+01
-7.987089e-02 -5.540050e-03 +9.967898e-01 +1.652603e+01 -1.037371e-02 +9.999352e-01 +4.726300e-03 -1.043552e+00 -9.967512e-01 -9.962907e-03 -7.992318e-02 +5.869212e+01
-8.924408e-02 -3.336576e-03 +9.960042e-01 +1.721692e+01 -4.142218e-03 +9.999871e-01 +2.978762e-03 -1.042970e+00 -9.960011e-01 -3.859825e-03 -8.925675e-02 +5.862940e+01
-9.535440e-02 -1.957580e-04 +9.954433e-01 +1.792116e+01 +3.977490e-03 +9.999921e-01 +5.776553e-04 -1.043979e+00 -9.954354e-01 +4.014453e-03 -9.535286e-02 +5.855406e+01
-9.787518e-02 +2.045499e-05 +9.951987e-01 +1.871346e+01 +9.577571e-03 +9.999539e-01 +9.213719e-04 -1.050574e+00 -9.951526e-01 +9.621771e-03 -9.787085e-02 +5.846537e+01
-9.775569e-02 -2.118673e-03 +9.952081e-01 +1.945038e+01 +1.001836e-02 +9.999451e-01 +3.112820e-03 -1.055426e+00 -9.951600e-01 +1.027465e-02 -9.772909e-02 +5.838628e+01
-9.537133e-02 -2.329721e-03 +9.954390e-01 +2.019937e+01 +1.387865e-02 +9.998971e-01 +3.669840e-03 -1.058420e+00 -9.953450e-01 +1.416535e-02 -9.532917e-02 +5.830505e+01
-9.049796e-02 -3.945163e-03 +9.958888e-01 +2.103478e+01 +1.572548e-02 +9.998620e-01 +5.389896e-03 -1.066231e+00 -9.957724e-01 +1.614861e-02 -9.042342e-02 +5.821486e+01
-8.658398e-02 -3.230395e-03 +9.962393e-01 +2.180094e+01 +1.415349e-02 +9.998900e-01 +4.472319e-03 -1.068859e+00 -9.961440e-01 +1.448750e-02 -8.652873e-02 +5.813905e+01
-8.219154e-02 -1.824603e-03 +9.966148e-01 +2.264918e+01 +1.320167e-02 +9.999088e-01 +2.919380e-03 -1.070260e+00 -9.965291e-01 +1.339694e-02 -8.215994e-02 +5.806109e+01
-7.790136e-02 -2.353596e-03 +9.969583e-01 +2.342247e+01 +1.770002e-02 +9.998365e-01 +3.743448e-03 -1.077416e+00 -9.968039e-01 +1.793780e-02 -7.784695e-02 +5.798835e+01
-7.437998e-02 -4.459115e-03 +9.972200e-01 +2.419655e+01 +2.358983e-02 +9.997025e-01 +6.229713e-03 -1.087659e+00 -9.969509e-01 +2.398763e-02 -7.425266e-02 +5.791603e+01
-7.003363e-02 -8.220178e-03 +9.975107e-01 +2.505158e+01 +2.633444e-02 +9.996025e-01 +1.008631e-02 -1.094977e+00 -9.971969e-01 +2.697528e-02 -6.978930e-02 +5.784784e+01
-6.530296e-02 -1.194253e-02 +9.977940e-01 +2.583003e+01 +2.949928e-02 +9.994684e-01 +1.389322e-02 -1.100579e+00 -9.974293e-01 +3.034148e-02 -6.491594e-02 +5.778832e+01
-5.914798e-02 -1.474174e-02 +9.981403e-01 +2.668375e+01 +3.060154e-02 +9.993944e-01 +1.657364e-02 -1.103625e+00 -9.977800e-01 +3.152493e-02 -5.866104e-02 +5.772493e+01
-5.483397e-02 -1.651961e-02 +9.983588e-01 +2.746168e+01 +2.832075e-02 +9.994353e-01 +1.809291e-02 -1.102545e+00 -9.980937e-01 +2.926638e-02 -5.433516e-02 +5.767659e+01
-5.105722e-02 -1.735609e-02 +9.985449e-01 +2.823976e+01 +2.242772e-02 +9.995771e-01 +1.852079e-02 -1.096896e+00 -9.984438e-01 +2.334071e-02 -5.064636e-02 +5.763577e+01
-4.640878e-02 -2.123023e-02 +9.986969e-01 +2.909862e+01 +1.591052e-02 +9.996318e-01 +2.198944e-02 -1.091773e+00 -9.987958e-01 +1.691029e-02 -4.605390e-02 +5.759093e+01
-4.228239e-02 -2.300769e-02 +9.988407e-01 +2.988091e+01 +1.292916e-02 +9.996387e-01 +2.357337e-02 -1.087484e+00 -9.990220e-01 +1.391091e-02 -4.196963e-02 +5.755125e+01
-3.826866e-02 -2.013605e-02 +9.990645e-01 +3.066534e+01 +1.304031e-02 +9.997019e-01 +2.064839e-02 -1.082831e+00 -9.991824e-01 +1.381830e-02 -3.799467e-02 +5.751243e+01
-3.523939e-02 -1.167214e-02 +9.993107e-01 +3.152886e+01 +1.439237e-02 +9.998223e-01 +1.218564e-02 -1.069830e+00 -9.992752e-01 +1.481187e-02 -3.506514e-02 +5.746880e+01
-3.305954e-02 -5.277703e-03 +9.994394e-01 +3.231539e+01 +1.306696e-02 +9.998985e-01 +5.712351e-03 -1.058678e+00 -9.993679e-01 +1.324848e-02 -3.298721e-02 +5.743044e+01
-3.178192e-02 -5.527443e-03 +9.994795e-01 +3.318367e+01 +1.197041e-02 +9.999110e-01 +5.910465e-03 -1.059903e+00 -9.994231e-01 +1.215203e-02 -3.171293e-02 +5.738781e+01
-3.073754e-02 -9.918847e-03 +9.994782e-01 +3.397398e+01 +1.416992e-02 +9.998461e-01 +1.035827e-02 -1.068869e+00 -9.994270e-01 +1.448092e-02 -3.059225e-02 +5.734778e+01
-3.024957e-02 -1.059490e-02 +9.994862e-01 +3.476657e+01 +1.564235e-02 +9.998165e-01 +1.107182e-02 -1.073390e+00 -9.994199e-01 +1.596923e-02 -3.007829e-02 +5.730738e+01
-3.030213e-02 -7.936974e-03 +9.995092e-01 +3.564771e+01 +1.373548e-02 +9.998709e-01 +8.356258e-03 -1.072185e+00 -9.994464e-01 +1.398196e-02 -3.018919e-02 +5.727203e+01
-3.067320e-02 -6.428021e-03 +9.995088e-01 +3.645450e+01 +6.984808e-03 +9.999537e-01 +6.645229e-03 -1.068461e+00 -9.995050e-01 +7.185213e-03 -3.062688e-02 +5.724107e+01
-3.196994e-02 -7.411394e-03 +9.994613e-01 +3.734917e+01 +5.044421e-03 +9.999587e-01 +7.576433e-03 -1.069372e+00 -9.994761e-01 +5.283927e-03 -3.193123e-02 +5.720571e+01
-3.325017e-02 -8.483509e-03 +9.994110e-01 +3.816862e+01 +5.413219e-03 +9.999479e-01 +8.668157e-03 -1.074787e+00 -9.994324e-01 +5.698253e-03 -3.320251e-02 +5.716856e+01
-3.490739e-02 -5.751138e-03 +9.993740e-01 +3.899428e+01 +5.029225e-03 +9.999699e-01 +5.930229e-03 -1.075294e+00 -9.993779e-01 +5.233091e-03 -3.487741e-02 +5.713187e+01
-3.678262e-02 -6.702957e-04 +9.993230e-01 +3.991118e+01 +5.208892e-03 +9.999862e-01 +8.624621e-04 -1.070881e+00 -9.993097e-01 +5.237095e-03 -3.677861e-02 +5.708926e+01
-3.773827e-02 +1.971160e-03 +9.992857e-01 +4.075381e+01 +6.613521e-03 +9.999768e-01 -1.722766e-03 -1.072788e+00 -9.992657e-01 +6.543788e-03 -3.775042e-02 +5.704687e+01
-3.879785e-02 +3.225522e-03 +9.992418e-01 +4.160344e+01 +9.189759e-03 +9.999538e-01 -2.871011e-03 -1.083354e+00 -9.992048e-01 +9.071408e-03 -3.882570e-02 +5.700201e+01
-4.011214e-02 +3.814863e-03 +9.991879e-01 +4.254857e+01 +9.274431e-03 +9.999512e-01 -3.445462e-03 -1.093867e+00 -9.991521e-01 +9.128700e-03 -4.014556e-02 +5.695186e+01
-4.136629e-02 +4.686022e-03 +9.991330e-01 +4.341737e+01 +8.756459e-03 +9.999525e-01 -4.327332e-03 -1.099718e+00 -9.991056e-01 +8.569867e-03 -4.140535e-02 +5.690753e+01
-4.299566e-02 -2.292632e-04 +9.990752e-01 +4.438536e+01 +6.715505e-03 +9.999775e-01 +5.184704e-04 -1.114441e+00 -9.990527e-01 +6.731592e-03 -4.299315e-02 +5.685849e+01
-4.446670e-02 -2.962519e-03 +9.990064e-01 +4.527239e+01 +6.053409e-03 +9.999766e-01 +3.234834e-03 -1.128285e+00 -9.989925e-01 +6.191242e-03 -4.444772e-02 +5.681206e+01
-4.587816e-02 -2.429135e-04 +9.989470e-01 +4.616463e+01 +6.433687e-03 +9.999793e-01 +5.386366e-04 -1.135895e+00 -9.989263e-01 +6.451630e-03 -4.587564e-02 +5.676164e+01
-4.669981e-02 +4.714904e-03 +9.988978e-01 +4.715787e+01 +7.590624e-03 +9.999618e-01 -4.365058e-03 -1.140401e+00 -9.988801e-01 +7.378415e-03 -4.673381e-02 +5.670624e+01
-4.675659e-02 +5.954687e-03 +9.988885e-01 +4.806991e+01 +1.035316e-02 +9.999316e-01 -5.476292e-03 -1.152121e+00 -9.988526e-01 +1.008561e-02 -4.681503e-02 +5.665243e+01
-4.691976e-02 +2.538435e-03 +9.988954e-01 +4.908816e+01 +1.498090e-02 +9.998863e-01 -1.837280e-03 -1.169543e+00 -9.987863e-01 +1.487816e-02 -4.695245e-02 +5.659185e+01
-4.740383e-02 -3.007118e-03 +9.988712e-01 +5.002195e+01 +1.685770e-02 +9.998508e-01 +3.810084e-03 -1.185694e+00 -9.987335e-01 +1.701929e-02 -4.734606e-02 +5.653644e+01
-4.703590e-02 -7.077501e-03 +9.988681e-01 +5.096341e+01 +1.794937e-02 +9.998076e-01 +7.929374e-03 -1.201122e+00 -9.987319e-01 +1.830202e-02 -4.689981e-02 +5.648210e+01
-4.546261e-02 -4.837553e-03 +9.989543e-01 +5.200646e+01 +1.716648e-02 +9.998370e-01 +5.623072e-03 -1.204963e+00 -9.988185e-01 +1.740417e-02 -4.537215e-02 +5.642280e+01
-4.457917e-02 -1.847584e-03 +9.990041e-01 +5.296236e+01 +1.710258e-02 +9.998505e-01 +2.612324e-03 -1.205232e+00 -9.988594e-01 +1.720201e-02 -4.454090e-02 +5.637087e+01
-4.445701e-02 -8.754205e-04 +9.990109e-01 +5.402255e+01 +1.119580e-02 +9.999365e-01 +1.374451e-03 -1.213970e+00 -9.989485e-01 +1.124584e-02 -4.444438e-02 +5.631775e+01
-4.520622e-02 -3.399112e-05 +9.989776e-01 +5.499350e+01 +7.877992e-03 +9.999691e-01 +3.905188e-04 -1.222187e+00 -9.989466e-01 +7.887597e-03 -4.520454e-02 +5.626943e+01
-4.559425e-02 -4.583560e-03 +9.989495e-01 +5.597310e+01 +8.043236e-03 +9.999555e-01 +4.955281e-03 -1.233954e+00 -9.989276e-01 +8.260724e-03 -4.555536e-02 +5.621627e+01
-4.666664e-02 -1.155068e-02 +9.988437e-01 +5.705984e+01 +4.576284e-03 +9.999203e-01 +1.177693e-02 -1.248482e+00 -9.989000e-01 +5.120587e-03 -4.661005e-02 +5.615674e+01
-4.724747e-02 -1.093201e-02 +9.988234e-01 +5.805451e+01 +7.450549e-03 +9.999086e-01 +1.129632e-02 -1.251759e+00 -9.988554e-01 +7.975510e-03 -4.716170e-02 +5.610144e+01
-4.747992e-02 -7.431318e-03 +9.988445e-01 +5.905678e+01 +1.033573e-02 +9.999153e-01 +7.930586e-03 -1.250994e+00 -9.988187e-01 +1.070034e-02 -4.739908e-02 +5.604293e+01
-4.898201e-02 -4.597140e-03 +9.987890e-01 +6.017267e+01 +1.279706e-02 +9.999046e-01 +5.229855e-03 -1.252989e+00 -9.987176e-01 +1.303774e-02 -4.891851e-02 +5.598228e+01
-5.125659e-02 -6.845742e-03 +9.986620e-01 +6.120029e+01 +1.301750e-02 +9.998871e-01 +7.522261e-03 -1.258618e+00 -9.986006e-01 +1.338565e-02 -5.116169e-02 +5.592778e+01
-5.432847e-02 -1.305469e-02 +9.984377e-01 +6.233345e+01 +1.438240e-02 +9.998007e-01 +1.385510e-02 -1.267634e+00 -9.984195e-01 +1.511266e-02 -5.412988e-02 +5.586347e+01
-5.750363e-02 -1.664848e-02 +9.982064e-01 +6.336572e+01 +1.508677e-02 +9.997324e-01 +1.754302e-02 -1.270648e+00 -9.982313e-01 +1.606851e-02 -5.723707e-02 +5.580392e+01
-6.108617e-02 -1.463840e-02 +9.980251e-01 +6.439788e+01 +1.967534e-02 +9.996807e-01 +1.586694e-02 -1.262087e+00 -9.979385e-01 +2.060574e-02 -6.077864e-02 +5.573835e+01
-6.508823e-02 -1.647090e-02 +9.977435e-01 +6.553266e+01 +2.271081e-02 +9.995805e-01 +1.798276e-02 -1.259855e+00 -9.976210e-01 +2.383004e-02 -6.468685e-02 +5.566085e+01
-6.876388e-02 -1.837376e-02 +9.974637e-01 +6.656299e+01 +2.645015e-02 +9.994455e-01 +2.023370e-02 -1.259256e+00 -9.972822e-01 +2.777442e-02 -6.823976e-02 +5.558680e+01
-7.204223e-02 -1.798392e-02 +9.972394e-01 +6.769390e+01 +2.973596e-02 +9.993544e-01 +2.017023e-02 -1.253013e+00 -9.969582e-01 +3.110698e-02 -7.146094e-02 +5.549956e+01
-7.428901e-02 -1.457240e-02 +9.971302e-01 +6.872177e+01 +3.394282e-02 +9.992771e-01 +1.713260e-02 -1.244100e+00 -9.966589e-01 +3.511818e-02 -7.374067e-02 +5.541766e+01
-7.624240e-02 -1.037265e-02 +9.970353e-01 +6.975147e+01 +3.559874e-02 +9.992802e-01 +1.311820e-02 -1.235158e+00 -9.964536e-01 +3.649337e-02 -7.581826e-02 +5.533446e+01
-7.798236e-02 -7.574767e-03 +9.969259e-01 +7.088439e+01 +3.934410e-02 +9.991689e-01 +1.066941e-02 -1.230649e+00 -9.961781e-01 +4.005519e-02 -7.761952e-02 +5.523984e+01
-7.740905e-02 -7.512081e-03 +9.969711e-01 +7.191434e+01 +3.843974e-02 +9.992058e-01 +1.051354e-02 -1.231124e+00 -9.962581e-01 +3.913716e-02 -7.705879e-02 +5.515268e+01
-7.475339e-02 -1.073149e-02 +9.971443e-01 +7.304723e+01 +3.912157e-02 +9.991409e-01 +1.368582e-02 -1.234590e+00 -9.964343e-01 +4.003292e-02 -7.426933e-02 +5.505948e+01
-7.027300e-02 -1.399329e-02 +9.974296e-01 +7.407691e+01 +4.276032e-02 +9.989404e-01 +1.702712e-02 -1.235913e+00 -9.966108e-01 +4.384697e-02 -6.960017e-02 +5.497378e+01
-6.517860e-02 -1.696250e-02 +9.977294e-01 +7.510737e+01 +4.283910e-02 +9.988863e-01 +1.978071e-02 -1.235651e+00 -9.969536e-01 +4.403111e-02 -6.437934e-02 +5.489499e+01
-5.997917e-02 -2.061533e-02 +9.979867e-01 +7.624203e+01 +4.417882e-02 +9.987524e-01 +2.328629e-02 -1.233014e+00 -9.972215e-01 +4.548658e-02 -5.899357e-02 +5.481326e+01
-5.525889e-02 -2.202852e-02 +9.982290e-01 +7.727444e+01 +4.546032e-02 +9.986645e-01 +2.455466e-02 -1.228504e+00 -9.974366e-01 +4.673669e-02 -5.418366e-02 +5.474331e+01
-5.160929e-02 -1.815255e-02 +9.985023e-01 +7.830644e+01 +4.614715e-02 +9.987236e-01 +2.054176e-02 -1.218361e+00 -9.976005e-01 +4.713819e-02 -5.070572e-02 +5.467907e+01
-4.917950e-02 -1.264204e-02 +9.987099e-01 +7.944342e+01 +4.520158e-02 +9.988674e-01 +1.486988e-02 -1.204722e+00 -9.977666e-01 +4.587456e-02 -4.855235e-02 +5.461476e+01
-4.796585e-02 -1.267726e-02 +9.987685e-01 +8.047959e+01 +4.523883e-02 +9.988660e-01 +1.485109e-02 -1.201216e+00 -9.978240e-01 +4.589547e-02 -4.733795e-02 +5.455677e+01
-4.648399e-02 -1.526143e-02 +9.988024e-01 +8.162145e+01 +4.530874e-02 +9.988222e-01 +1.737038e-02 -1.204527e+00 -9.978909e-01 +4.606193e-02 -4.573776e-02 +5.449346e+01
-4.482277e-02 -1.287214e-02 +9.989120e-01 +8.265957e+01 +4.605662e-02 +9.988273e-01 +1.493768e-02 -1.201129e+00 -9.979327e-01 +4.667607e-02 -4.417735e-02 +5.443763e+01
-4.268048e-02 -6.771631e-03 +9.990658e-01 +8.369775e+01 +4.645367e-02 +9.988822e-01 +8.754900e-03 -1.194594e+00 -9.980082e-01 +4.678394e-02 -4.231821e-02 +5.438350e+01
-4.032504e-02 -3.296691e-03 +9.991811e-01 +8.483589e+01 +4.539696e-02 +9.989560e-01 +5.128077e-03 -1.196971e+00 -9.981548e-01 +4.556658e-02 -4.013328e-02 +5.432413e+01
-3.799472e-02 -3.791464e-03 +9.992707e-01 +8.586931e+01 +4.542478e-02 +9.989527e-01 +5.517414e-03 -1.209924e+00 -9.982449e-01 +4.560129e-02 -3.778270e-02 +5.426999e+01
-3.461318e-02 -6.486449e-03 +9.993797e-01 +8.690526e+01 +4.410968e-02 +9.989947e-01 +8.011669e-03 -1.226112e+00 -9.984269e-01 +4.435964e-02 -3.429227e-02 +5.421817e+01
-2.982010e-02 -1.123900e-02 +9.994921e-01 +8.804940e+01 +4.350299e-02 +9.989749e-01 +1.253110e-02 -1.236948e+00 -9.986081e-01 +4.385458e-02 -2.930060e-02 +5.416711e+01
-2.505500e-02 -1.341132e-02 +9.995961e-01 +8.908460e+01 +4.233289e-02 +9.989990e-01 +1.446438e-02 -1.245166e+00 -9.987893e-01 +4.267821e-02 -2.446218e-02 +5.412053e+01
-2.135619e-02 -1.015571e-02 +9.997203e-01 +9.022696e+01 +3.814557e-02 +9.992122e-01 +1.096542e-02 -1.246912e+00 -9.990439e-01 +3.836909e-02 -2.095197e-02 +5.408255e+01
-1.956253e-02 -1.049972e-03 +9.998080e-01 +9.126151e+01 +3.460416e-02 +9.993998e-01 +1.726613e-03 -1.249560e+00 -9.992096e-01 +3.463131e-02 -1.951445e-02 +5.405068e+01
-1.854946e-02 +7.620034e-03 +9.997989e-01 +9.230045e+01 +2.938126e-02 +9.995434e-01 -7.072974e-03 -1.255399e+00 -9.993961e-01 +2.924416e-02 -1.876488e-02 +5.402297e+01
-1.801443e-02 +7.659125e-03 +9.998084e-01 +9.344180e+01 +2.831681e-02 +9.995736e-01 -7.147121e-03 -1.278326e+00 -9.994366e-01 +2.818264e-02 -1.822363e-02 +5.398824e+01
-1.733225e-02 +9.827330e-04 +9.998493e-01 +9.448348e+01 +2.781627e-02 +9.996131e-01 -5.003143e-04 -1.306536e+00 -9.994627e-01 +2.780341e-02 -1.735288e-02 +5.395658e+01
-1.846762e-02 -4.937374e-03 +9.998172e-01 +9.552438e+01 +2.852832e-02 +9.995782e-01 +5.463135e-03 -1.325606e+00 -9.994223e-01 +2.862400e-02 -1.831898e-02 +5.392573e+01
-2.070617e-02 -1.048911e-02 +9.997305e-01 +9.666541e+01 +2.763646e-02 +9.995570e-01 +1.105968e-02 -1.338015e+00 -9.994035e-01 +2.785802e-02 -2.040711e-02 +5.389052e+01
-2.285344e-02 -1.643816e-02 +9.996036e-01 +9.770321e+01 +2.613808e-02 +9.995134e-01 +1.703425e-02 -1.350136e+00 -9.993970e-01 +2.651702e-02 -2.241265e-02 +5.385798e+01
-2.505012e-02 -1.540878e-02 +9.995674e-01 +9.883937e+01 +2.754347e-02 +9.994911e-01 +1.609787e-02 -1.351230e+00 -9.993066e-01 +2.793481e-02 -2.461296e-02 +5.381676e+01
-2.707489e-02 -1.474370e-02 +9.995246e-01 +9.987116e+01 +2.680639e-02 +9.995211e-01 +1.546976e-02 -1.350412e+00 -9.992739e-01 +2.721250e-02 -2.666670e-02 +5.377949e+01
-2.901433e-02 -1.637784e-02 +9.994448e-01 +1.008978e+02 +2.771508e-02 +9.994683e-01 +1.718280e-02 -1.348922e+00 -9.991947e-01 +2.819824e-02 -2.854499e-02 +5.373965e+01
-3.019967e-02 -1.543810e-02 +9.994246e-01 +1.020269e+02 +2.825886e-02 +9.994680e-01 +1.629266e-02 -1.350174e+00 -9.991443e-01 +2.873464e-02 -2.974734e-02 +5.369413e+01
-3.077533e-02 -7.303895e-03 +9.994996e-01 +1.030455e+02 +2.915265e-02 +9.995415e-01 +8.201827e-03 -1.343441e+00 -9.991011e-01 +2.939048e-02 -3.054829e-02 +5.365118e+01
-3.156479e-02 +1.669036e-03 +9.995003e-01 +1.041653e+02 +2.637255e-02 +9.996520e-01 -8.364334e-04 -1.337877e+00 -9.991537e-01 +2.633297e-02 -3.159782e-02 +5.360458e+01
-3.269500e-02 +2.292619e-03 +9.994627e-01 +1.051813e+02 +2.378551e-02 +9.997161e-01 -1.515119e-03 -1.343890e+00 -9.991823e-01 +2.372320e-02 -3.274024e-02 +5.355988e+01
-3.506917e-02 -4.024874e-03 +9.993767e-01 +1.061953e+02 +1.906445e-02 +9.998074e-01 +4.695595e-03 -1.362392e+00 -9.992030e-01 +1.921724e-02 -3.498568e-02 +5.351918e+01
-3.796402e-02 -1.192610e-02 +9.992079e-01 +1.073119e+02 +1.257016e-02 +9.998441e-01 +1.241128e-02 -1.377422e+00 -9.992000e-01 +1.303139e-02 -3.780819e-02 +5.347335e+01
-4.010359e-02 -1.998547e-02 +9.989956e-01 +1.083230e+02 +9.912224e-03 +9.997430e-01 +2.039833e-02 -1.385811e+00 -9.991463e-01 +1.072032e-02 -3.989518e-02 +5.342850e+01
-4.210272e-02 -2.693280e-02 +9.987502e-01 +1.093307e+02 +1.290263e-02 +9.995387e-01 +2.749797e-02 -1.390048e+00 -9.990299e-01 +1.404425e-02 -4.173579e-02 +5.337573e+01
-4.420743e-02 -2.746366e-02 +9.986448e-01 +1.104336e+02 +1.257622e-02 +9.995277e-01 +2.804465e-02 -1.379091e+00 -9.989432e-01 +1.379896e-02 -4.384116e-02 +5.331854e+01
-4.546372e-02 -2.146188e-02 +9.987354e-01 +1.114287e+02 +1.516759e-02 +9.996393e-01 +2.217174e-02 -1.368788e+00 -9.988508e-01 +1.615643e-02 -4.512179e-02 +5.326243e+01
-4.614463e-02 -5.169994e-03 +9.989214e-01 +1.125144e+02 +2.457899e-02 +9.996781e-01 +6.309319e-03 -1.356059e+00 -9.986323e-01 +2.484362e-02 -4.600270e-02 +5.319537e+01
-4.731014e-02 +5.354621e-03 +9.988659e-01 +1.134981e+02 +2.898357e-02 +9.995721e-01 -3.985637e-03 -1.350571e+00 -9.984596e-01 +2.876214e-02 -4.744508e-02 +5.313538e+01
-4.787526e-02 +3.618098e-03 +9.988467e-01 +1.144813e+02 +2.940147e-02 +9.995654e-01 -2.211477e-03 -1.365373e+00 -9.984205e-01 +2.926170e-02 -4.796083e-02 +5.307642e+01
-4.785081e-02 -8.665026e-03 +9.988169e-01 +1.155600e+02 +3.064382e-02 +9.994791e-01 +1.013883e-02 -1.392507e+00 -9.983843e-01 +3.109272e-02 -4.756035e-02 +5.301087e+01
-4.748194e-02 -1.797248e-02 +9.987104e-01 +1.165367e+02 +3.151717e-02 +9.993135e-01 +1.948176e-02 -1.408972e+00 -9.983747e-01 +3.240156e-02 -4.688289e-02 +5.295232e+01
-4.761030e-02 -2.350986e-02 +9.985892e-01 +1.175080e+02 +3.059270e-02 +9.992198e-01 +2.498328e-02 -1.412820e+00 -9.983974e-01 +3.173901e-02 -4.685392e-02 +5.289679e+01
-4.743105e-02 -2.847087e-02 +9.984686e-01 +1.185724e+02 +2.782737e-02 +9.991682e-01 +2.981271e-02 -1.409205e+00 -9.984868e-01 +2.919881e-02 -4.659932e-02 +5.283799e+01
-4.738723e-02 -3.252013e-02 +9.983470e-01 +1.195353e+02 +2.483114e-02 +9.991228e-01 +3.372401e-02 -1.403486e+00 -9.985679e-01 +2.638819e-02 -4.653815e-02 +5.278573e+01
-4.741964e-02 -3.110180e-02 +9.983907e-01 +1.205927e+02 +2.296822e-02 +9.992171e-01 +3.221843e-02 -1.388992e+00 -9.986109e-01 +2.445905e-02 -4.666816e-02 +5.273245e+01
-4.728166e-02 -2.403471e-02 +9.985924e-01 +1.215537e+02 +2.066872e-02 +9.994731e-01 +2.503452e-02 -1.372903e+00 -9.986677e-01 +2.182331e-02 -4.675998e-02 +5.268509e+01
-4.741305e-02 -1.823273e-02 +9.987089e-01 +1.225109e+02 +2.018120e-02 +9.996120e-01 +1.920730e-02 -1.361038e+00 -9.986714e-01 +2.106582e-02 -4.702669e-02 +5.263686e+01
-4.723175e-02 -1.322584e-02 +9.987964e-01 +1.235594e+02 +2.068156e-02 +9.996852e-01 +1.421561e-02 -1.359119e+00 -9.986698e-01 +2.132811e-02 -4.694335e-02 +5.258244e+01
-4.738063e-02 -9.034019e-03 +9.988360e-01 +1.245048e+02 +2.176966e-02 +9.997124e-01 +1.007460e-02 -1.359721e+00 -9.986396e-01 +2.222167e-02 -4.717033e-02 +5.253208e+01
-4.711638e-02 -3.993244e-03 +9.988814e-01 +1.255377e+02 +2.243344e-02 +9.997357e-01 +5.054820e-03 -1.363760e+00 -9.986374e-01 +2.264651e-02 -4.701434e-02 +5.247747e+01
-4.718595e-02 -5.313331e-03 +9.988720e-01 +1.264691e+02 +2.347114e-02 +9.997040e-01 +6.426510e-03 -1.374691e+00 -9.986103e-01 +2.374791e-02 -4.704727e-02 +5.242725e+01
-4.717832e-02 -1.065755e-02 +9.988296e-01 +1.273941e+02 +2.310661e-02 +9.996640e-01 +1.175786e-02 -1.388641e+00 -9.986192e-01 +2.363429e-02 -4.691620e-02 +5.237819e+01
-4.762927e-02 -2.148894e-02 +9.986339e-01 +1.284079e+02 +2.097133e-02 +9.995268e-01 +2.250836e-02 -1.406841e+00 -9.986449e-01 +2.201474e-02 -4.715608e-02 +5.232692e+01
-4.861498e-02 -2.992440e-02 +9.983692e-01 +1.293198e+02 +1.570764e-02 +9.994048e-01 +3.072030e-02 -1.415959e+00 -9.986940e-01 +1.717549e-02 -4.811599e-02 +5.228308e+01
-5.102040e-02 -3.347559e-02 +9.981364e-01 +1.302993e+02 +1.061905e-02 +9.993636e-01 +3.405954e-02 -1.412527e+00 -9.986411e-01 +1.233699e-02 -5.063244e-02 +5.223551e+01
-5.310848e-02 -3.162631e-02 +9.980878e-01 +1.311822e+02 +5.980325e-03 +9.994705e-01 +3.198833e-02 -1.406308e+00 -9.985708e-01 +7.667746e-03 -5.289122e-02 +5.220259e+01
-5.469611e-02 -2.510040e-02 +9.981875e-01 +1.320426e+02 +2.887426e-03 +9.996760e-01 +2.529604e-02 -1.396041e+00 -9.984988e-01 +4.265792e-03 -5.460591e-02 +5.216417e+01
-5.532984e-02 -1.697127e-02 +9.983238e-01 +1.329691e+02 +4.146049e-03 +9.998432e-01 +1.722687e-02 -1.389848e+00 -9.984595e-01 +5.092265e-03 -5.525079e-02 +5.211620e+01
